Index 0: (0,1) (1111222,1) (11224,1) (1127,0) (115,0) (1334,0) (138,1) (23,0) (345,1) (46,1) (69,0) (11155,1) (22333,1) (3335,0) (111136,1) (12236,1) (2346,0) (11247,1) (1357,0) (368,1) (1112234,1) (111228,0) 

Index 1: (1,1) (11133,1) (11225,0) (1128,0) (116,1) (1335,0) (139,0) (24,0) (346,0) (47,1) (1111223,0) (122223,1) (2255,1) (11156,0) (112333,1) (1266,0) (22334,0) (277,1) (3336,1) (111137,1) (111344,0) (12237,0) (12444,1) (2347,0) (11248,1) (11455,0) (1358,1) (369,1) 

Index 2: (11134,1) (11226,1) (1129,0) (117,0) (1244,0) (1336,0) (2,0) (2233,1) (25,0) (255,1) (347,1) (48,0) (1111224,0) (122224,1) (2256,1) (11112222,1) (11157,0) (112334,1) (1267,0) (22335,1) (278,0) (3337,1) (111138,1) (111345,0) (12238,1) (12445,0) (2348,1) (2555,1) 

Index 3: (11112,0) (11135,0) (118,0) (1222,0) (1245,0) (2234,1) (233,0) (256,0) (26,0) (3,0) (49,0) (11227,1) (1337,0) (348,1) (555,1) (22244,1) (1111225,0) (122225,0) (2257,0) (11112223,1) (11158,0) (112335,0) (1268,1) (22336,1) (279,1) (3338,0) 

Index 4: (11113,1) (11136,0) (119,0) (1223,1) (1246,1) (2235,0) (234,1) (257,1) (27,0) (4,0) (11228,1) (1338,1) (349,0) (556,0) (112244,0) (1177,0) (13344,1) (188,1) (22245,0) (1111226,1) (111255,0) (122226,1) (12355,1) (2258,1) 

Index 5: (11114,0) (111233,1) (112222,1) (1155,1) (1224,0) (12333,0) (166,0) (22223,1) (2236,0) (235,0) (28,1) (5,0) (11137,0) (11344,1) (1247,0) (258,1) (11229,0) (1339,0) (4444,0) (557,0) (112245,1) (1178,1) (13345,1) (189,1) (22246,1) (3455,0) 

Index 6: (11115,1) (112223,1) (1133,0) (1156,1) (1225,1) (144,1) (167,0) (22224,1) (236,0) (29,0) (6,1) (111234,1) (12334,1) (2237,1) (2444,1) (11138,0) (11345,1) (1248,0) (1455,0) (259,1) (466,0) (4445,0) (558,1) 

Index 7: (1111,1) (11116,0) (1134,1) (122,1) (1226,0) (145,0) (237,0) (444,0) (7,0) (112224,0) (1157,1) (168,0) (22225,1) (111235,0) (12335,0) (2238,1) (2445,0) (11139,0) (1122223,1) (11346,0) (1249,1) (1456,1) (222233,0) (467,0) (99,0) (1112333,0) (123333,1) (33334,1) 

Index 8: (11117,1) (1112,0) (1135,0) (1227,1) (123,1) (146,0) (238,0) (445,1) (77,1) (8,0) (111144,1) (12244,0) (112225,1) (11255,1) (1158,1) (169,1) (22226,1) (111236,0) (12336,1) (2239,1) (2446,1) (1122224,0) (11347,1) (1457,1) (222234,0) (468,1) 

Index 9: (111122,0) (11118,0) (1113,0) (11233,0) (1136,0) (12222,1) (1228,0) (124,0) (147,1) (239,1) (446,1) (55,0) (78,0) (9,0) (3344,0) (111145,1) (12245,1) (2355,0) (112226,1) (11256,1) (1159,0) (1366,1) (22227,1) (377,0) (111237,0) (111444,0) (12337,1) (2447,0) 

Index 10: (111123,1) (1114,1) (11234,0) (1137,1) (12223,0) (125,1) (1344,0) (148,1) (2333,1) (33,1) (355,1) (56,0) (11119,1) (1229,0) (447,1) (79,0) (3345,1) (111146,0) (12246,1) (2356,0) (112227,1) (11257,1) (1367,1) (22228,0) (378,0) 

Index 11: (11,1) (111124,0) (1115,1) (11235,0) (1138,1) (12224,0) (126,0) (1345,0) (149,0) (2334,0) (333,0) (34,0) (356,0) (57,1) (1112222,1) (1111233,0) (122233,1) (23333,1) (448,0) (11166,1) (22344,0) (3346,0) (111147,1) (12247,1) (2357,1) 

Index 12: (111125,0) (11144,1) (1116,1) (12,1) (12225,0) (127,0) (2335,0) (334,1) (35,0) (58,1) (11236,0) (1139,1) (1346,1) (357,0) (1112223,0) (1111234,0) (113333,1) (122234,1) (2266,0) (23334,0) (449,0) (11167,0) (112344,0) (1277,0) (13444,1) (22345,0) (288,0) (3347,0) 

Index 13: (11122,0) (11145,1) (1117,0) (1255,0) (128,1) (13,1) (2244,1) (266,0) (335,0) (36,1) (59,0) (111126,1) (111333,1) (12226,0) (2336,0) (11237,1) (11444,1) (1347,1) (358,1) (1112224,0) (1111235,0) (113334,0) (122235,0) (2267,0) (23335,1) 

Index 14: (11123,0) (1118,0) (1233,0) (129,0) (14,0) (2222,1) (2245,0) (244,0) (336,0) (37,0) (11146,1) (1256,0) (267,1) (111127,0) (111334,0) (12227,1) (2337,0) (11238,1) (11445,0) (1348,0) (1555,1) (359,0) (566,1) (1112225,0) (22255,1) 

Index 15: (11124,0) (1119,0) (1234,0) (15,0) (222,0) (2223,1) (22233,0) (245,1) (337,1) (38,1) (2246,1) (11147,1) (1257,1) (268,0) (111128,0) (111335,1) (12228,0) (2338,1) (11239,0) (11446,1) (1349,0) (1556,1) (222333,1) (567,1) 

Index 16: (11125,0) (1235,1) (16,1) (2224,1) (223,0) (246,0) (338,1) (39,0) (112233,1) (1166,0) (13333,1) (177,1) (22234,1) (111244,0) (12344,1) (2247,1) (11148,0) (11355,1) (1258,0) (269,0) (111129,0) (111336,1) (12229,1) (2339,0) 

Index 17: (111222,0) (11126,1) (11333,0) (1144,1) (1236,0) (155,0) (17,0) (2225,1) (224,0) (247,0) (339,0) (112234,1) (1167,1) (13334,0) (178,0) (22235,0) (3444,0) (111245,0) (12345,0) (2248,0) (2455,1) (11149,1) (1122233,0) (11356,0) (1259,0) (1466,0) (477,1) 

Index 18: (111223,1) (11127,0) (1122,0) (11334,0) (1145,1) (1237,0) (133,1) (1444,0) (156,0) (18,0) (2226,1) (225,1) (248,1) (455,1) (112235,1) (1168,1) (13335,1) (179,0) (22236,0) (3445,0) (111246,1) (12346,1) (2249,0) (2456,1) 

Index 19: (111,1) (111224,0) (1123,0) (1146,1) (134,1) (157,0) (19,0) (2227,1) (226,0) (11128,1) (11335,0) (1238,0) (1445,1) (249,0) (456,0) (88,1) (1111333,1) (111155,0) (122333,0) (12255,1) (112236,1) (11266,1) (1169,1) (13336,0) (22237,0) (22444,0) (3446,1) 

Index 20: (111133,0) (112,0) (1124,1) (11244,1) (1147,0) (12233,1) (135,1) (158,0) (227,0) (66,0) (111225,1) (2228,1) (11129,0) (11336,0) (1239,0) (1446,0) (457,0) (89,0) (3355,1) (1111334,0) (111156,1) (122334,1) (12256,1) (2366,1) 

Index 21: (111134,1) (11222,0) (1125,1) (113,0) (12234,1) (136,1) (228,1) (2344,1) (3333,1) (44,1) (67,0) (11245,1) (1148,1) (1355,1) (159,1) (366,1) (111226,0) (2229,1) (11337,1) (1447,0) (458,1) (3356,0) 

Index 22: (11223,1) (1126,1) (114,1) (1333,0) (137,1) (22,0) (229,1) (3334,0) (344,0) (45,1) (68,1) (111135,1) (12235,1) (2345,1) (11246,0) (1149,1) (1356,0) (367,1) (1112233,1) (111227,1) (1111244,0) (11338,1) (122244,1) (1448,1) (23344,1) (459,0) (666,1) 

